85 85 85 85 85 85 85 85 85 85 85 85 85 85 85 85 85 85 85 85 85 85 85 85 85 85 85 85 85 85 85 85 85 85 85 85 85 85 85 85 85 0 85 0 0 0 0 85 85 85 85 85 85 85 85 85 85 85 85 85 85 85 85 85 85 85 85 85 85 85 85 85 85 85 85 85 85 85 85 85 85 85 85 85 85 85 85 85 85 85
85 85 85 85 85 85 85 85 85 85 85 85 85 85 85 85 85 85 85 85 85 85 85 85 85 85 85 85 85 85 85 85 85 85 85 85 85 85 85 85 0 0 0 0 0 0 0 0 85 85 85 85 85 85 85 85 85 85 85 85 85 85 85 85 85 85 85 85 85 85 85 85 85 85 85 85 85 85 85 85 85 85 85 85 85 85 85 85 85 85
85 85 85 85 85 85 85 85 85 85 85 85 85 85 85 85 85 85 85 85 85 85 85 85 85 85 85 85 85 85 85 85 85 85 85 85 85 85 85 85 0 0 0 0 0 0 0 0 85 85 85 85 85 85 85 85 85 85 85 85 85 85 85 85 85 85 85 85 85 85 85 85 85 85 85 85 85 85 85 85 85 85 85 85 85 85 85 85 85 85
85 85 85 85 85 85 85 85 85 85 85 85 85 85 85 85 85 85 85 85 85 85 85 85 85 85 85 85 85 85 85 85 85 85 85 85 85 85 85 0 0 0 0 0 0 0 0 0 0 85 85 85 85 85 85 85 85 85 85 85 85 85 85 85 85 85 85 85 85 85 85 85 85 85 85 85 85 85 85 85 85 85 85 85 85 85 85 85 85 85
85 85 85 85 85 85 85 85 85 85 85 85 85 85 85 85 85 85 85 85 85 85 85 85 85 85 85 85 85 85 85 85 85 85 85 85 85 85 0 0 0 0 0 0 85 0 0 0 0 0 0 85 85 85 85 85 85 85 85 85 85 85 85 85 85 85 85 85 85 85 85 85 85 85 85 85 85 85 85 85 85 85 85 85 85 85 85 85 85 85
85 85 85 85 85 85 85 85 85 85 85 85 85 85 85 85 85 85 85 85 85 85 85 85 85 85 85 85 85 85 85 85 85 85 85 85 0 0 0 0 0 0 0 0 0 0 0 0 0 0 0 0 0 85 85 85 85 85 85 85 85 85 85 85 85 85 85 85 85 85 85 85 85 85 85 85 85 85 85 85 85 85 85 85 85 85 85 85 85 85
85 85 85 85 85 85 85 85 85 85 85 85 85 85 85 85 85 85 85 85 85 85 85 85 85 85 85 85 85 85 85 85 85 85 85 0 0 85 0 0 0 0 85 85 85 85 0 0 0 0 0 0 0 0 85 85 85 85 85 85 85 85 85 85 85 85 85 85 85 85 85 85 85 85 85 85 85 85 85 85 85 85 85 85 85 85 85 85 85 85
85 85 85 85 85 85 85 85 85 85 85 85 85 85 85 85 85 85 85 85 85 85 85 85 85 85 85 85 85 85 85 85 85 85 0 0 0 0 0 0 0 0 85 85 85 85 85 0 0 0 0 0 0 0 0 0 85 85 85 85 85 85 85 85 85 85 85 85 85 85 85 85 85 85 85 85 85 85 85 85 85 85 85 85 85 85 85 85 85 85
85 85 85 85 85 85 85 85 85 85 85 85 85 85 85 85 85 85 85 85 85 85 85 85 85 85 85 85 85 85 85 85 85 0 0 0 0 0 0 0 0 0 85 85 85 85 85 85 0 0 0 0 0 0 0 0 0 0 85 85 85 85 85 85 85 85 85 85 85 85 85 85 85 85 85 85 85 85 85 85 85 85 85 85 85 85 85 85 85 85
85 85 85 85 85 85 85 85 85 85 85 85 85 85 85 85 85 85 85 85 85 85 85 85 85 85 85 85 85 85 85 85 0 0 0 0 0 0 0 0 0 85 85 85 85 85 85 85 85 85 0 0 0 0 0 0 0 0 0 0 0 85 85 85 85 85 85 85 85 85 85 85 85 85 85 85 85 85 85 85 85 85 85 85 85 85 85 85 85 85
85 85 85 85 85 85 85 85 85 85 85 85 85 85 85 85 85 85 0 0 85 85 85 85 85 85 85 85 85 85 85 0 0 0 0 0 0 0 0 0 85 85 85 85 85 85 85 85 85 85 85 85 85 0 0 0 0 0 0 0 0 0 0 85 85 85 85 85 85 85 85 85 85 85 85 85 85 85 85 85 85 85 85 85 85 85 85 85 85 85
85 85 85 85 85 85 85 85 85 85 85 85 85 85 85 85 85 85 85 0 0 85 85 85 85 85 85 85 85 85 0 0 0 0 0 0 0 0 0 85 85 85 85 85 85 85 85 85 85 85 85 85 85 85 85 85 85 0 0 0 0 0 0 0 0 0 0 85 85 85 85 85 85 85 85 85 85 85 85 85 85 85 85 85 85 85 85 85 85 85
85 85 85 85 85 85 85 85 85 85 85 0 0 0 0 85 85 85 85 85 0 85 85 85 85 85 85 85 85 85 0 0 0 0 0 0 0 0 0 85 85 85 85 85 85 85 85 85 85 85 85 85 85 85 85 85 85 85 85 0 0 0 0 0 0 0 0 0 0 85 85 85 85 85 85 85 85 85 85 85 85 85 85 85 85 85 85 85 85 85
85 85 85 85 85 85 85 85 85 85 0 85 85 85 0 0 0 85 85 85 85 0 85 85 85 85 85 85 85 85 0 0 0 0 0 0 0 0 85 85 85 85 85 85 85 85 85 85 85 85 85 85 85 85 85 85 85 85 85 85 0 0 0 0 0 0 0 85 0 0 85 85 85 85 85 85 85 85 85 85 85 85 85 85 85 85 85 85 85 85
85 85 85 85 85 85 85 85 85 0 85 85 85 85 85 85 0 0 85 85 85 0 85 85 85 85 85 85 85 0 0 0 0 0 0 0 85 85 85 85 85 85 85 85 85 85 85 85 85 85 85 85 85 85 85 85 85 85 85 85 85 0 0 0 0 0 0 0 0 0 0 85 85 85 85 85 85 85 85 85 85 85 85 85 85 85 85 85 85 85
85 85 85 85 85 85 85 85 0 85 85 85 0 0 0 0 0 0 85 85 85 0 85 85 85 85 85 85 85 0 0 0 0 0 0 85 85 85 85 85 85 85 85 85 85 85 85 85 85 85 85 85 85 85 85 85 85 85 85 85 85 85 0 0 0 0 0 0 0 0 0 0 85 85 85 85 85 85 85 85 85 85 85 85 85 85 85 85 85 85
85 85 85 85 85 85 85 85 0 85 0 0 0 0 0 0 85 0 85 85 85 0 85 85 85 85 85 85 0 0 0 0 0 0 85 85 85 85 85 85 85 85 85 85 85 85 85 85 85 85 85 85 85 85 85 85 85 85 85 85 85 85 85 85 85 85 0 0 0 0 0 0 0 85 85 85 85 85 85 85 85 85 85 85 85 85 85 85 85 85
85 85 85 85 85 85 85 0 85 0 0 0 0 0 0 0 0 0 85 85 85 0 85 85 85 85 85 85 0 0 0 0 85 85 85 85 85 85 85 85 85 85 85 85 85 85 85 85 85 85 85 85 85 85 85 85 85 85 85 85 85 85 85 85 85 85 85 0 0 0 0 0 0 85 85 85 85 85 85 85 85 85 85 85 85 85 85 85 85 85
85 85 85 85 85 85 0 0 0 0 0 85 0 0 0 0 0 85 85 85 0 0 85 85 85 85 85 85 0 0 0 85 85 85 85 85 85 85 85 85 85 85 85 85 85 85 85 85 85 85 85 85 85 85 85 85 85 85 85 85 85 85 85 85 85 85 85 85 85 0 0 0 0 0 85 85 85 85 85 85 85 85 85 85 85 85 85 85 85 85
85 85 85 85 85 85 0 0 0 0 85 0 0 0 0 0 0 85 85 0 85 85 85 85 85 85 0 0 0 0 85 85 85 85 85 85 85 85 85 85 85 85 85 85 85 85 85 85 85 85 85 85 85 85 85 85 85 85 85 85 85 85 85 85 85 85 85 85 85 85 0 0 0 0 85 85 85 85 85 85 85 85 85 85 85 85 85 85 85 85
85 85 85 85 85 0 0 0 0 85 85 0 0 0 0 0 0 0 0 85 85 85 85 85 0 0 0 0 0 85 85 85 85 85 85 85 85 85 85 85 85 85 85 85 85 85 85 85 85 85 85 85 85 85 85 85 85 85 85 85 85 85 85 85 85 85 85 85 85 85 85 0 0 0 0 85 85 85 85 85 85 85 85 85 85 85 85 85 85 85
85 85 85 85 0 0 0 0 85 85 0 85 0 0 0 0 0 85 85 85 85 85 85 0 0 85 85 85 85 85 85 85 85 85 85 85 85 85 85 85 85 85 85 85 85 85 85 85 85 85 85 85 85 85 85 85 85 85 85 85 85 85 85 85 85 85 85 85 85 85 85 0 0 0 0 0 85 85 85 85 85 85 85 85 85 85 85 85 85 85
85 85 85 85 0 0 85 0 0 0 0 0 0 0 0 0 85 85 85 85 85 0 0 0 85 85 85 85 85 85 85 85 85 85 85 85 85 85 85 85 85 85 85 85 85 85 85 85 85 85 85 85 85 85 85 85 85 85 85 85 85 85 85 85 85 85 85 85 85 85 85 85 0 0 0 0 0 85 85 85 85 85 85 85 85 85 85 85 85 85
85 85 85 85 0 0 85 0 0 0 0 0 0 0 85 85 85 85 85 0 0 0 85 85 85 85 85 85 85 85 85 85 85 85 85 85 85 85 85 85 85 85 85 85 85 85 85 85 85 85 85 85 85 85 85 85 85 85 85 85 85 85 85 85 85 85 85 85 85 85 85 85 85 0 0 0 0 0 85 85 85 85 85 85 85 85 85 85 85 85
85 85 85 85 0 0 0 0 0 0 0 0 0 0 0 0 0 0 0 0 85 85 85 85 85 85 85 85 85 85 85 85 85 85 85 85 85 85 85 85 85 85 85 85 85 85 85 85 85 85 85 85 85 85 85 85 85 85 85 85 85 85 85 85 85 85 85 85 85 85 85 85 85 85 85 0 0 0 0 85 85 85 85 85 85 85 85 85 85 85
85 85 85 85 0 0 0 0 0 0 0 85 0 85 85 85 85 85 85 85 85 85 85 85 85 85 85 85 85 85 85 85 85 85 85 85 85 85 85 85 85 85 85 85 85 85 85 85 85 85 85 85 85 85 85 85 85 85 85 85 85 85 85 85 85 85 85 85 85 85 85 85 85 85 85 0 0 0 0 0 85 85 85 85 85 85 85 85 85 85
85 85 85 85 85 85 0 0 0 0 0 0 85 85 85 85 85 85 85 85 85 85 85 85 85 85 85 85 85 85 85 85 85 0 0 0 85 85 85 85 85 85 85 85 85 85 85 85 85 85 85 85 85 85 85 85 85 85 85 85 85 85 85 85 85 85 85 85 85 85 85 85 85 85 85 85 0 0 0 0 0 85 85 85 85 85 85 85 85 85
85 85 85 85 85 85 85 85 85 85 85 85 85 85 85 85 85 85 85 85 85 85 85 85 85 85 85 85 85 85 0 0 0 0 0 0 0 0 0 0 85 85 85 85 85 85 85 85 85 85 85 85 85 85 85 85 85 85 85 85 85 85 85 85 85 85 85 85 85 85 85 85 85 85 85 85 85 0 0 0 0 0 85 85 85 85 85 85 85 85
85 85 85 85 85 85 85 85 85 85 85 85 85 85 85 85 85 85 85 85 85 85 85 85 85 85 85 85 85 0 0 0 0 0 0 0 0 0 0 0 0 0 0 0 0 0 0 0 0 0 85 85 85 85 85 85 85 85 85 85 85 85 85 85 85 85 85 85 85 85 85 85 85 85 85 85 85 85 0 0 0 0 0 85 85 85 85 85 85 85
85 85 85 85 85 85 85 85 85 85 85 85 85 85 85 85 85 85 85 85 85 85 85 85 85 85 85 85 0 0 0 0 0 0 0 0 0 0 0 0 0 0 0 0 0 0 0 0 0 0 0 0 0 85 0 0 0 85 85 85 85 85 85 85 85 85 85 85 85 85 85 85 85 85 85 85 85 85 85 0 0 0 0 85 85 85 85 85 85 85
85 85 85 85 85 85 85 85 85 85 85 85 85 85 85 85 85 85 85 85 85 85 85 85 85 85 85 0 0 0 0 0 0 0 0 0 0 0 0 0 0 0 0 0 0 0 0 0 0 0 0 0 0 0 0 0 0 85 85 85 85 85 85 85 85 85 85 85 85 85 85 85 85 85 85 85 85 85 85 0 0 0 0 85 85 85 85 85 85 85
85 85 85 85 85 85 85 85 85 85 85 85 85 85 85 85 85 85 85 85 85 85 85 85 85 0 0 0 0 0 0 0 0 85 85 85 85 85 85 85 85 85 85 85 85 85 85 0 0 0 0 0 0 0 0 0 0 0 0 85 85 85 85 85 85 85 85 85 85 85 85 85 85 85 85 85 85 85 0 0 0 0 85 85 85 85 85 85 85 85
85 85 85 85 85 85 85 85 85 85 85 85 85 85 85 85 85 85 85 85 85 85 85 0 0 0 0 0 0 85 85 85 85 85 85 85 85 85 85 85 85 85 85 85 85 85 85 85 85 0 0 0 0 0 0 0 0 0 0 0 85 85 85 85 85 85 85 85 85 85 85 85 85 85 85 85 85 0 0 0 0 0 85 85 85 85 85 85 85 85
85 85 85 85 85 85 85 85 85 85 85 85 85 85 85 85 85 85 85 85 85 85 0 0 0 0 0 0 85 85 85 85 85 85 85 85 85 85 85 85 85 85 85 85 85 85 85 85 85 85 0 0 0 0 0 0 0 0 0 0 0 0 85 85 85 85 85 85 85 85 85 85 85 85 85 85 0 0 0 0 0 85 85 85 85 85 85 85 85 85
85 85 85 85 85 85 85 85 85 85 85 85 85 85 85 85 85 85 85 0 0 0 0 0 0 0 0 85 85 85 85 85 85 85 85 85 85 85 85 85 85 85 85 85 85 85 85 85 85 85 85 85 85 0 0 0 0 0 0 0 0 0 0 0 85 85 85 85 85 85 85 85 85 85 0 0 0 0 0 0 85 85 85 85 85 85 85 85 85 85
85 85 85 85 85 85 85 85 85 85 85 85 85 85 85 85 85 85 0 0 0 0 0 0 0 0 85 85 85 85 85 85 85 85 85 85 85 85 85 85 85 85 85 85 85 85 85 85 85 85 85 85 85 85 85 0 0 0 0 0 0 0 0 0 0 0 85 85 85 85 85 85 0 0 0 0 0 0 0 85 85 85 85 85 85 85 85 85 85 85
85 85 85 85 85 85 85 85 85 85 85 85 85 85 85 0 0 0 0 0 0 0 0 85 85 85 85 85 85 85 85 85 85 85 85 85 85 85 85 85 85 85 85 85 85 85 85 85 85 85 85 85 85 85 85 85 85 85 0 0 0 0 0 0 0 0 0 85 85 0 0 0 0 0 0 0 0 85 85 85 85 85 85 85 85 85 85 85 85 85
85 85 85 85 85 85 85 85 85 85 85 85 85 85 0 0 0 0 0 0 0 85 85 85 85 85 85 85 85 85 85 85 85 85 85 85 85 85 85 85 85 85 85 85 85 85 85 85 85 85 85 85 85 85 85 85 85 85 85 85 0 0 0 0 0 0 0 0 0 0 0 0 0 0 0 0 85 85 85 85 85 85 85 85 85 85 85 85 85 85
85 85 85 85 85 85 85 85 85 85 85 85 0 0 0 0 0 0 0 0 85 85 85 85 85 85 85 85 85 85 85 85 85 85 85 85 85 85 85 85 85 85 85 85 85 85 85 85 85 85 85 85 85 85 85 85 85 85 85 85 85 85 0 0 0 0 0 0 0 0 0 0 0 0 0 85 85 85 85 85 85 85 85 85 85 85 85 85 85 85
85 85 85 85 85 85 85 0 0 0 0 0 0 0 0 0 0 0 0 85 85 85 85 85 85 85 85 85 85 85 85 85 85 85 85 85 85 85 85 85 85 85 85 85 85 85 85 85 85 85 85 85 85 85 85 85 85 85 85 85 85 85 85 85 85 85 85 85 85 85 85 85 85 85 85 85 85 85 85 85 85 85 85 85 85 85 85 85 85 85
85 85 85 85 85 85 85 0 85 0 0 0 0 0 0 0 0 0 85 85 85 85 85 85 85 85 85 85 85 85 85 85 85 85 85 85 85 85 85 85 85 85 85 85 85 85 85 85 85 85 85 85 85 85 85 85 85 85 85 85 85 85 85 85 85 85 85 85 85 85 85 85 85 85 85 85 85 85 85 85 85 85 85 85 85 85 85 85 85 85
85 85 85 85 85 85 85 0 0 0 0 0 0 0 0 0 0 0 85 85 85 85 85 85 85 85 85 85 85 85 85 85 85 85 85 85 85 85 85 85 85 85 85 85 85 85 85 85 85 85 85 85 85 85 85 85 85 85 85 85 85 85 85 85 85 85 85 0 85 85 85 85 85 85 85 85 85 85 85 85 85 85 85 85 85 85 85 85 85 85
85 85 85 85 85 85 85 85 0 0 0 0 0 0 0 0 85 0 85 85 85 85 85 85 85 85 85 85 85 85 85 85 85 85 85 85 85 85 85 85 85 85 85 85 85 85 85 85 85 85 85 85 85 85 85 85 85 85 85 85 85 85 85 85 0 0 0 0 0 85 85 0 0 0 85 85 85 85 85 85 85 85 85 85 85 85 85 85 85 85
85 85 85 85 85 85 85 85 0 0 0 0 0 0 0 85 85 85 85 85 85 85 85 85 85 85 85 85 85 85 85 85 85 85 85 85 85 85 85 85 85 85 85 85 85 85 85 85 85 85 85 0 85 85 85 85 85 85 85 85 85 85 85 0 0 0 0 0 0 0 0 0 0 0 0 0 0 0 85 85 85 85 85 85 85 85 85 85 85 85
85 85 85 85 85 85 85 85 0 0 0 0 0 85 0 85 85 85 85 85 85 85 85 85 85 85 85 85 85 85 85 85 85 85 85 85 85 85 85 85 85 85 85 85 85 85 85 85 85 85 0 0 85 85 85 85 85 85 85 85 0 0 0 0 0 0 0 0 0 0 0 0 0 0 0 0 0 0 0 85 85 85 85 85 85 85 85 85 85 85
85 85 85 85 85 85 85 85 0 0 0 0 0 0 0 0 0 0 0 85 85 85 85 85 85 85 85 85 85 85 85 85 85 85 85 85 85 85 85 85 85 85 85 85 85 85 0 0 0 0 0 0 0 0 0 0 85 0 0 0 0 0 0 0 0 0 0 0 0 0 0 0 0 0 0 0 0 0 0 85 85 85 85 85 85 85 85 85 85 85
85 85 85 85 85 85 85 85 0 0 0 0 0 0 0 0 0 0 0 0 85 85 85 85 85 85 85 85 85 85 85 85 85 85 85 85 85 85 85 85 85 85 0 0 0 0 0 0 0 0 0 0 0 0 0 0 0 0 0 0 0 0 0 0 0 0 0 0 0 0 0 0 0 0 0 0 0 0 0 0 85 0 0 0 85 85 85 85 85 85
85 85 85 85 85 85 85 85 85 0 0 0 0 0 0 0 0 0 0 0 0 0 0 0 85 85 85 85 85 85 85 85 85 85 85 85 85 85 85 85 0 0 0 0 0 0 0 0 0 0 0 0 0 0 0 0 0 0 0 0 0 0 0 0 0 0 0 0 0 0 0 0 0 0 0 0 0 0 0 0 0 0 0 0 85 85 85 85 85 85
85 85 85 85 85 85 85 85 85 85 85 85 85 85 85 0 0 0 0 0 0 0 0 0 0 0 85 85 85 85 85 85 85 85 85 85 85 85 0 0 0 0 0 0 0 0 0 0 0 0 0 0 0 0 0 0 0 0 85 0 0 0 0 0 0 0 0 0 0 0 0 0 0 0 0 0 0 0 0 0 0 0 0 0 0 85 85 85 85 85
85 85 85 85 85 85 85 85 85 85 85 85 85 85 85 85 85 85 0 0 0 0 0 0 0 0 0 0 85 85 85 85 0 0 0 0 0 0 0 0 0 0 0 0 0 0 0 0 0 0 0 0 0 0 0 0 0 0 0 0 0 0 0 0 0 0 0 0 0 0 0 0 0 85 85 85 0 0 0 0 0 0 0 0 85 85 85 85 85 85
85 85 85 85 85 85 85 82 85 85 85 85 85 85 85 85 85 85 85 85 0 0 0 0 0 0 0 0 0 0 0 0 0 0 0 0 0 0 0 0 0 0 0 0 0 0 85 0 0 85 85 85 85 85 85 85 85 85 85 85 85 85 85 0 0 85 85 85 85 85 85 85 85 85 85 85 0 0 0 0 0 0 85 85 85 85 85 85 85 85
85 85 85 85 85 85 85 85 85 85 85 85 85 85 85 85 85 85 85 85 85 85 0 0 0 0 0 0 0 0 0 0 0 0 0 0 0 0 0 0 0 0 0 0 0 0 0 85 85 85 85 85 85 85 85 85 85 85 85 85 85 85 85 0 0 85 85 85 85 85 85 85 85 85 85 85 85 85 0 0 0 85 85 0 0 85 85 85 85 85
85 85 85 85 85 85 85 85 85 82 85 85 85 85 85 85 85 85 85 85 85 85 85 85 0 0 0 0 0 0 0 0 0 0 0 0 0 0 0 0 0 0 0 0 85 85 85 85 85 85 85 85 85 85 85 85 85 85 85 85 85 85 85 0 0 85 85 85 85 85 85 85 85 85 85 85 0 85 85 85 0 0 0 0 0 0 85 85 85 85
85 82 85 82 85 85 85 85 85 85 85 85 85 85 85 85 85 85 85 85 85 85 85 85 85 85 0 0 0 0 0 0 0 0 0 0 0 0 85 85 85 85 85 85 85 85 85 85 85 85 85 85 85 85 85 85 85 85 85 85 85 85 85 85 85 85 85 85 85 85 85 105 0 0 85 85 85 0 0 85 85 0 0 0 0 0 85 85 85 85
85 85 82 82 85 85 82 85 85 85 85 85 85 85 85 85 85 85 85 85 85 85 85 85 85 85 85 85 85 85 85 85 85 85 85 85 85 85 85 85 85 85 85 85 85 85 85 85 85 85 85 85 85 85 85 85 85 85 85 85 85 85 85 85 85 85 85 85 85 85 105 0 0 85 85 85 85 0 0 0 0 0 0 85 85 85 85 85 85 85
85 82 85 85 85 85 85 85 85 85 85 85 82 82 85 85 85 85 85 85 85 85 85 85 85 85 85 85 85 85 85 85 85 85 85 85 85 85 85 85 85 85 85 85 85 85 85 85 85 85 104 104 104 104 85 85 85 85 85 85 85 85 85 85 85 85 85 85 104 105 0 0 85 85 85 85 85 0 0 85 85 85 85 85 0 0 85 85 85 85
85 85 85 85 85 85 82 82 82 85 85 85 85 82 82 82 85 85 85 85 85 85 85 85 85 85 85 85 85 85 85 85 85 85 85 85 85 85 85 85 85 85 85 85 85 85 104 104 105 0 0 0 0 0 103 104 104 104 104 104 104 104 104 85 85 85 85 105 0 0 0 0 0 85 85 85 0 0 0 85 0 0 0 0 0 85 85 85 85 85
85 85 85 82 82 82 82 95 85 85 85 85 82 85 85 82 82 85 85 85 85 85 85 85 85 85 85 85 85 85 85 85 85 85 104 104 85 85 85 104 104 85 85 85 85 110 0 0 0 0 0 0 0 0 0 0 0 0 0 0 0 0 0 109 85 85 105 0 0 0 0 0 0 85 85 63 85 85 0 0 0 0 0 85 85 85 85 85 85 85
82 82 85 85 85 85 85 85 104 104 104 104 85 85 85 85 82 82 85 85 85 85 85 85 85 85 85 85 85 85 85 85 85 105 0 0 103 104 105 0 0 103 104 104 104 105 0 0 0 0 0 0 0 0 0 0 0 0 0 0 0 0 0 103 104 105 0 0 0 0 0 0 0 0 0 0 0 85 85 85 0 0 0 0 85 85 85 85 85 85
86 82 82 82 82 0 0 0 0 0 0 0 103 104 104 104 104 104 104 85 85 85 85 85 82 82 85 85 85 85 85 85 105 0 0 0 0 0 0 0 0 0 0 0 0 0 0 0 0 0 0 0 0 0 0 0 0 0 0 0 0 0 0 0 0 0 0 0 0 0 0 0 0 0 0 0 0 0 0 85 85 0 0 0 85 85 85 85 85 85
110 104 104 104 105 0 0 0 0 0 0 0 0 0 0 0 0 0 0 103 104 104 85 85 85 85 85 85 85 104 104 105 0 0 0 0 0 0 0 0 0 0 0 0 0 0 0 0 0 0 0 0 0 0 0 0 0 0 0 0 0 0 0 0 0 0 0 0 0 0 0 0 0 0 0 0 0 0 0 0 0 0 0 0 85 85 85 85 85 85
110 0 0 0 0 0 0 0 0 0 0 0 0 0 0 0 0 0 0 0 0 0 103 104 85 85 85 104 85 0 0 0 0 0 0 0 0 0 0 0 0 0 0 0 0 0 0 0 0 0 0 0 0 0 0 0 0 0 0 0 0 0 0 0 0 0 0 0 0 0 0 0 0 0 0 0 0 0 0 0 0 0 0 0 85 85 85 85 85 85
110 0 0 0 0 0 0 0 0 0 0 0 0 0 0 0 0 0 0 0 0 0 0 0 103 104 105 0 0 0 0 0 0 0 0 0 0 0 0 0 0 0 0 0 0 0 0 0 0 0 0 0 0 0 0 0 0 0 0 0 0 0 0 0 0 0 0 0 0 0 0 0 0 0 0 0 0 0 0 0 0 0 0 65 85 85 85 85 85 85
110 0 0 0 0 0 0 0 0 0 0 0 0 0 0 0 0 0 0 0 0 0 0 0 0 0 0 0 0 0 0 0 0 0 0 0 0 0 0 0 0 0 0 0 0 0 0 0 0 0 0 0 0 0 0 0 0 0 0 0 0 0 0 0 0 0 0 0 0 0 0 0 0 0 0 0 0 0 65 66 66 66 66 66 85 85 85 85 85 85
110 0 0 0 190 0 0 0 66 66 66 66 0 0 0 0 0 0 0 0 0 0 65 66 66 67 0 0 0 0 0 0 0 190 0 0 0 0 0 0 0 0 0 0 0 0 0 0 0 0 0 0 0 0 0 0 0 0 0 0 0 0 0 0 0 0 190 0 0 0 0 0 0 0 0 0 0 65 68 68 68 68 68 68 85 85 85 85 85 85
110 0 0 0 66 66 66 66 85 85 85 85 66 66 66 66 66 0 0 0 0 0 0 0 0 0 0 0 0 120 120 120 120 120 120 120 120 120 120 120 120 67 78 73 73 73 73 73 73 73 73 73 73 73 73 73 73 73 73 73 73 73 73 79 78 61 61 61 61 61 61 61 61 61 61 79 85 68 68 68 68 68 68 68 85 85 85 85 85 85
110 66 66 66 66 85 85 85 85 85 82 82 85 85 82 82 82 66 66 66 66 66 0 0 0 120 120 120 120 58 58 58 58 58 58 58 58 58 58 58 58 58 85 85 85 85 83 58 58 58 58 58 58 85 85 85 85 85 85 85 85 85 85 85 85 85 85 85 85 85 85 85 85 85 85 85 85 85 85 85 85 85 85 85 85 85 85 85 85 85
85 85 85 85 85 85 85 85 85 85 85 85 85 85 85 85 85 82 82 85 85 85 0 0 0 58 58 58 58 58 85 85 85 83 85 85 85 85 85 83 83 83 83 85 83 83 85 85 85 85 85 85 85 85 85 85 85 85 85 85 85 85 85 85 85 85 85 85 85 85 85 85 85 85 85 85 85 85 85 85 85 85 85 85 85 85 85 85 85 85
85 85 85 85 85 85 85 85 85 85 85 85 85 85 85 85 85 85 85 85 85 85 191 191 191 85 85 85 85 85 85 85 85 85 83 83 83 85 85 85 85 85 85 85 83 85 85 85 85 85 85 85 85 85 85 85 85 85 85 85 85 85 85 85 85 85 85 85 85 85 85 85 85 85 85 85 85 85 85 85 85 85 85 85 85 85 85 85 85 85
85 85 82 85 85 85 85 85 85 85 85 85 85 85 85 85 85 85 85 85 85 85 85 85 85 85 85 85 85 85 85 85 85 85 85 85 85 85 85 85 85 85 85 85 85 85 85 85 85 85 85 85 85 85 85 85 85 85 85 85 85 85 85 85 85 85 85 85 85 85 85 85 85 85 85 85 85 85 85 85 85 85 85 85 85 85 85 85 85 85
